refmat_maze = [9.315454959869385, 14.391946792602539, 14.35539722442627, 14.433503150939941, 19.28800344467163, 19.487452507019043, 24.5297908782959, 24.365055561065674, 24.400198459625244, 29.516351222991943, 29.294848442077637, 29.35459613800049, 34.45534706115723, 34.36429500579834, 34.31229591369629, 39.48754072189331, 39.41620588302612, 44.45315599441528, 44.566309452056885, 44.36044692993164, 44.47590112686157, 54.44774627685547, 54.41880226135254, 54.37805652618408, 54.46494817733765, 54.49196100234985, 59.37790870666504, 59.370601177215576, 59.587252140045166, 64.61654901504517, 64.56634998321533, 64.39520120620728, 69.44005489349365, 69.4453477859497, 69.46849822998047, 74.52125549316406, 74.58950281143188, 79.42935228347778, 79.66389656066895, 79.54435348510742, 79.42999601364136, 84.56484079360962, 84.46464538574219, 84.42424535751343, 89.63449001312256, 89.60684537887573, 94.51785087585449, 94.5062518119812, 94.75789070129395, 94.7250485420227, 94.54435110092163, 99.54994916915894, 99.67234134674072, 99.65430498123169, 104.51750755310059, 104.79689836502075, 104.470694065094, 104.54155206680298, 109.41685438156128, 109.43681001663208, 109.42274332046509, 114.43119049072266, 119.6656584739685, 114.49699401855469, 119.51720714569092, 120.48519849777222, 119.42745447158813, 124.48359727859497, 124.60744380950928, 129.47344779968262, 129.4916033744812, 129.63920831680298, 134.52845811843872, 129.54564094543457, 134.4628095626831, 134.52630043029785, 134.52965021133423, 139.49395418167114, 139.60009813308716, 139.67574834823608, 144.6267008781433, 144.53394412994385, 144.60699558258057, 149.5803952217102, 149.738347530365, 149.56895112991333, 149.55484867095947, 154.56764698028564, 154.5685052871704, 159.48835611343384, 159.53049659729004, 159.47799682617188, 164.5445466041565, 164.7228479385376, 164.60020542144775, 164.51919078826904, 164.6085500717163, 169.77360248565674, 169.5337414741516, 174.62095022201538] ;

refmat_prey = [29.593050479888916, 54.731106758117676, 79.48039770126343, 99.92690086364746, 114.56694602966309, 134.62719917297363, 164.53160047531128, 179.6958088874817, 194.62624788284302, 209.5605492591858, 219.56355571746826, 249.70699548721313, 259.7179055213928, 274.71169233322144, 289.9136543273926, 294.7914481163025, 319.83509063720703, 329.75670099258423, 344.6480989456177, 359.840190410614, 374.850594997406, 399.82144832611084, 404.8068046569824, 414.91379737854004, 420.3286051750183, 444.9760913848877, 464.9601459503174, 454.8493981361389, 465.2487516403198, 474.99200105667114, 489.95909690856934, 500.6039023399353, 515.1995062828064, 525.3230452537537, 530.1152944564819, 535.0156426429749, 555.0318002700806, 555.2386522293091, 560.2376103401184, 575.1065015792847, 595.0796484947205, 620.2693581581116, 615.0761008262634, 620.0763463973999, 650.3016471862793, 635.171103477478, 655.3500413894653, 675.1876950263977, 680.331301689148, 695.152997970581, 685.1386070251465, 705.2293539047241, 720.2624082565308, 720.1923966407776, 715.506100654602, 750.2546548843384, 760.4050040245056, 755.3385496139526, 775.3413915634155, 775.4722595214844, 775.2434492111206, 795.5565929412842, 795.4014897346497, 815.4219508171082, 805.3393483161926, 835.4869961738586, 845.3717470169067, 845.5411076545715, 850.3059029579163, 875.6715536117554, 880.5464029312134, 885.4141592979431, 875.5196452140808, 925.853443145752, 930.5624008178711, 925.6021022796631, 935.4718446731567, 925.7384538650513, 980.7036519050598, 955.8780431747437, 980.5240035057068, 960.5178475379944, 980.5517435073853, 1000.6702065467834, 1020.708155632019, 1005.8884501457214, 1035.575556755066, 1045.9141969680786, 1050.8081555366516, 1060.839295387268, 1060.7837557792664, 1085.736906528473, 1070.8869576454163, 1075.6336092948914, 1100.870943069458, 1100.9181499481201, 1140.8740997314453, 1120.859944820404, 1140.7220482826233, 1110.809600353241] ;

il_maze = [9.418189525604248, 9.50695276260376, 9.402859210968018, 9.385359287261963, 9.41089391708374, 9.4962477684021, 9.38119888305664, 9.587299823760986, 9.368908405303955, 9.415900707244873, 9.293794631958008, 14.272141456604004, 14.533603191375732, 14.716243743896484, 14.422500133514404, 14.269304275512695, 14.383447170257568, 14.429152011871338, 14.488697052001953, 14.357101917266846, 14.33265209197998, 14.6217942237854, 14.479553699493408, 14.450407028198242, 14.368903636932373, 14.373302459716797, 14.291858673095703, 14.295101165771484, 14.368700981140137, 14.442753791809082, 14.359498023986816, 19.637691974639893, 19.383251667022705, 14.403748512268066, 19.305801391601562, 19.3290114402771, 19.341003894805908, 19.454097747802734, 19.45204734802246, 19.617950916290283, 19.363391399383545, 19.647645950317383, 19.381344318389893, 19.302499294281006, 19.509899616241455, 19.296300411224365, 19.509446620941162, 19.384849071502686, 19.29495334625244, 19.43075656890869, 19.302451610565186, 19.314801692962646, 19.641292095184326, 19.363856315612793, 19.522857666015625, 19.644951820373535, 19.374096393585205, 19.703447818756104, 19.63750123977661, 19.308745861053467, 19.616448879241943, 19.374549388885498, 19.414043426513672, 19.459903240203857, 19.328153133392334, 19.484293460845947, 24.519944190979004, 24.37880039215088, 24.367153644561768, 24.358749389648438, 24.481141567230225, 24.31589365005493, 24.372756481170654, 24.317944049835205, 24.34835433959961, 24.453449249267578, 24.38795566558838, 24.481356143951416, 24.55660104751587, 24.344754219055176, 24.3272066116333, 24.376296997070312, 24.407052993774414, 24.42694902420044, 24.587547779083252, 24.34149980545044, 24.32199716567993, 24.436748027801514, 24.336647987365723, 24.33260679244995, 24.34685230255127, 24.358391761779785, 24.33220148086548, 24.436450004577637, 24.351942539215088, 24.53545331954956, 24.32534694671631, 24.44669008255005, 24.564850330352783, 24.569904804229736] ;

il_prey = [19.5853590965271, 29.62515354156494, 44.425952434539795, 49.64944124221802, 64.51025009155273, 74.53954219818115, 89.52044248580933, 99.59750175476074, 94.63086128234863, 124.61414337158203, 129.47750091552734, 139.6767497062683, 154.4988512992859, 154.81024980545044, 164.86560106277466, 174.50000047683716, 189.72909450531006, 189.67759609222412, 204.69675064086914, 209.70594882965088, 224.65455532073975, 224.8429536819458, 249.86659288406372, 234.78294610977173, 254.89084720611572, 254.79429960250854, 275.1088500022888, 284.7728490829468, 280.48285245895386, 284.68430042266846, 299.92583990097046, 294.7842001914978, 314.88341093063354, 319.9723482131958, 330.0788402557373, 339.81285095214844, 334.8419427871704, 335.2481484413147, 354.9986004829407, 345.0371503829956, 350.0206470489502, 364.9706959724426, 370.1915502548218, 380.0822973251343, 390.1973485946655, 380.01970052719116, 420.03079652786255, 394.9500560760498, 394.9702501296997, 434.93964672088623, 410.0933909416199, 425.09790658950806, 435.012149810791, 419.8687434196472, 439.99195098876953, 460.1199507713318, 455.10345697402954, 449.9594449996948, 480.05000352859497, 475.19354820251465, 470.19670009613037, 470.15424966812134, 484.98520851135254, 485.13829708099365, 495.83669900894165, 495.22029161453247, 495.2849507331848, 485.2360963821411, 505.5459976196289, 510.1269483566284, 515.3549551963806, 530.1108002662659, 515.2856588363647, 525.0909566879272, 545.2036023139954, 565.4186487197876, 545.1359033584595, 555.2868485450745, 555.2593469619751, 560.2474451065063, 565.407395362854, 575.4415512084961, 580.2978038787842, 595.2314496040344, 590.2022004127502, 595.3925490379333, 590.3607964515686, 610.308051109314, 605.1962018013, 600.2511978149414, 615.256655216217, 615.176796913147, 610.2759957313538, 635.4351043701172, 635.2784991264343, 635.2541923522949, 635.3810906410217, 650.4265546798706, 640.4770493507385, 645.6327557563782] ;

