sep_maze = [19.343698024749756, 29.353654384613037, 34.35945510864258, 44.54289674758911, 49.37645196914673, 64.47715759277344, 59.498047828674316, 74.38135147094727, 54.50650453567505, 79.41795587539673, 84.42275524139404, 74.42604303359985, 69.44379806518555, 94.54165697097778, 99.46074485778809, 99.47655200958252, 104.52460050582886, 109.57314968109131, 99.58014488220215, 139.60504531860352, 124.56525564193726, 109.48774814605713, 109.67370271682739, 139.63505029678345, 159.60354804992676, 134.84504222869873, 139.54695463180542, 149.62189197540283, 154.53224182128906, 159.54715013504028, 164.6762490272522, 159.9249005317688, 175.63334703445435, 179.80740070343018, 179.57470417022705, 189.66444730758667, 164.46805000305176, 174.80214834213257, 189.7104024887085, 184.90010499954224, 189.684796333313, 204.62299585342407, 194.6532964706421, 199.74595308303833, 204.7029972076416, 209.63845252990723, 214.79425430297852, 209.64314937591553, 219.7751522064209, 224.75574016571045, 219.61660385131836, 229.90529537200928, 229.69374656677246, 234.87539291381836, 224.6444582939148, 249.65624809265137, 219.64694261550903, 244.65584754943848, 234.6661925315857, 249.7694969177246, 234.58740711212158, 254.663348197937, 249.7507929801941, 264.93204832077026, 254.80984449386597, 259.6852421760559, 255.03054857254028, 264.6646976470947, 259.8573923110962, 264.73594903945923, 254.88799810409546, 249.70519542694092, 274.9817490577698, 264.69714641571045, 289.73209857940674, 259.7453474998474, 274.7677445411682, 274.7102975845337, 269.9297547340393, 299.7703433036804, 274.89490509033203, 269.67740058898926, 289.76240158081055, 299.6723532676697, 294.87500190734863, 274.74340200424194, 309.89190340042114, 294.89039182662964, 299.7172474861145, 289.78105783462524, 304.70694303512573, 314.89330530166626, 314.9079442024231, 320.04950046539307, 324.7521996498108, 329.8911452293396, 329.9333453178406, 284.78405475616455, 299.70664978027344, 329.935097694397] ;

refmat_prey = [69.46735382080078, 119.70435380935669, 179.64324951171875, 244.7077989578247, 269.8173522949219, 349.92594718933105, 485.60274839401245, 540.0287508964539, 520.146656036377, 630.21399974823, 665.34184217453, 766.0581469535828, 911.5216493606567, 1032.6021075248718, 1197.1594095230103, 1061.3656044006348, 1221.426796913147, 1152.5843977928162, 1161.412000656128, 1251.1196494102478, 1401.6744017601013, 1361.4719986915588, 1581.6509008407593, 1581.6789984703064, 1696.786093711853, 1706.9058060646057, 1661.649250984192, 1831.8216919898987, 1846.8411922454834, 1692.1533465385437, 1781.8170070648193, 1847.0298528671265, 1817.2386050224304, 1947.7014064788818, 1896.9684958457947, 1947.2000479698181, 2021.994698047638, 2087.1392011642456, 2337.633800506592, 1981.9902539253235, 2379.7765016555786, 2343.02020072937, 2062.8750562667847, 2182.312798500061, 1987.1584057807922, 2402.590548992157, 2197.166693210602, 2077.2175073623657, 2282.4501991271973, 2187.3693466186523, 2347.671592235565, 2434.0139508247375, 2873.5594987869263, 2417.644202709198, 2563.0941033363342, 2668.3141946792603, 2537.9899978637695, 2512.7851963043213, 2497.974908351898, 2778.8907408714294, 2924.707245826721, 2873.996150493622, 2853.9204001426697, 2685.3403091430664, 3008.6493015289307, 2858.545696735382, 2723.42289686203, 2938.84254693985, 2813.6314511299133, 3420.0332045555115, 3043.613648414612, 2999.6267557144165, 3194.68389749527, 3143.966054916382, 3179.281198978424, 3253.968644142151, 2938.474440574646, 3174.2038011550903, 3048.7443923950195, 3098.943793773651, 2968.6114072799683, 3385.0125551223755, 3248.785102367401, 3238.6837005615234, 3629.477345943451, 3234.8322987556458, 3941.6183590888977, 3600.1325011253357, 4043.016743659973, 3704.5542001724243, 3784.2830538749695, 3449.863600730896, 3510.9689474105835, 3855.626058578491, 3604.5113563537598, 3190.0625586509705, 3509.4523429870605, 3534.011745452881, 3483.875608444214, 3433.626651763916] ;

il_maze = [9.666991233825684, 9.803605079650879, 14.595246315002441, 19.730401039123535, 14.84299898147583, 24.59465265274048, 24.702799320220947, 19.589698314666748, 34.467196464538574, 24.821102619171143, 35.11084318161011, 39.42919969558716, 29.534292221069336, 34.477198123931885, 34.513211250305176, 34.489548206329346, 44.387054443359375, 39.4147515296936, 34.549641609191895, 44.50559616088867, 34.442198276519775, 59.54834222793579, 44.422852993011475, 54.56970930099487, 49.425554275512695, 44.61705684661865, 54.4500470161438, 49.465155601501465, 59.668946266174316, 59.51714515686035, 54.38469648361206, 39.730799198150635, 49.64189529418945, 54.43305969238281, 64.63115215301514, 69.40749883651733, 49.42375421524048, 84.49435234069824, 64.57874774932861, 54.38995361328125, 64.72104787826538, 59.72259044647217, 84.53290462493896, 64.62944746017456, 69.63740587234497, 79.6534538269043, 69.56419944763184, 79.49799299240112, 69.64529752731323, 74.51939582824707, 74.37989711761475, 69.59124803543091, 84.74459648132324, 79.5939564704895, 84.51160192489624, 74.62804317474365, 69.5096492767334, 79.45845127105713, 74.4863510131836, 84.41704511642456, 79.5555591583252, 74.53399896621704, 79.42891120910645, 79.44505214691162, 74.66630935668945, 69.76768970489502, 79.48861122131348, 84.52944755554199, 69.44915056228638, 69.3954586982727, 74.596107006073, 89.56505060195923, 79.51035499572754, 84.49469804763794, 74.50175285339355, 84.74774360656738, 84.81504917144775, 94.54824924468994, 79.42850589752197, 79.5210599899292, 89.53930139541626, 89.7481918334961, 89.7570013999939, 74.50660467147827, 104.67109680175781, 94.38824653625488, 99.55254793167114, 89.88540172576904, 89.70065116882324, 99.82835054397583, 79.59035634994507, 94.565749168396, 89.60340023040771, 99.91874694824219, 99.67950582504272, 94.87069845199585, 104.74330186843872, 109.53419208526611, 94.51454877853394, 94.4055438041687] ;

il_prey = [39.94324207305908, 59.41425561904907, 69.49300765991211, 94.64174509048462, 124.65219497680664, 119.64994668960571, 164.75504636764526, 235.0603461265564, 224.63960647583008, 264.95020389556885, 279.79129552841187, 295.0341463088989, 304.78525161743164, 344.88664865493774, 405.1782965660095, 505.0809979438782, 420.33499479293823, 480.08610010147095, 425.1847505569458, 550.2971053123474, 520.1637506484985, 630.2303433418274, 600.4185438156128, 615.4231071472168, 700.6235003471375, 761.3420486450195, 750.4700541496277, 800.6572961807251, 655.2749037742615, 735.4866981506348, 880.6787014007568, 920.9029078483582, 890.969705581665, 915.7748460769653, 935.8210921287537, 955.8229565620422, 900.8819103240967, 915.8010601997375, 956.0719013214111, 1025.9446501731873, 1061.0915899276733, 1096.466851234436, 1046.1251020431519, 1111.4147901535034, 1371.8721508979797, 1221.3356494903564, 1066.0701990127563, 1081.0222029685974, 1251.2023448944092, 1196.145498752594, 1141.0232424736023, 1261.2221956253052, 1206.4660906791687, 1216.1772966384888, 1231.1160922050476, 1296.279752254486, 1291.3442611694336, 1296.483051776886, 1501.7673015594482, 1431.8837523460388, 1431.5737962722778, 1246.2883949279785, 1451.8657445907593, 1376.3989925384521, 1471.657943725586, 1476.626455783844, 1526.8651008605957, 1501.74400806427, 1391.4179921150208, 1471.801996231079, 1471.4919567108154, 1486.620593070984, 1556.949007511139, 1476.9770979881287, 1526.7729043960571, 1526.7230987548828, 1486.6510033607483, 1456.554901599884, 1717.1473503112793, 1531.7065477371216, 1531.7317485809326, 1606.93119764328, 1702.172601222992, 1511.6140484809875, 1526.8980979919434, 1672.0034956932068, 1837.1683478355408, 1621.9809532165527, 1581.9968104362488, 1717.1088099479675, 1546.7535018920898, 1892.1002507209778, 1616.8147921562195, 1757.4624419212341, 1822.3475456237793, 1717.2448515892029, 1692.0691013336182, 1727.118456363678, 1862.6182079315186, 1711.9882941246033] ;

